Sparkfun 9DOF Razor AHRS
379
383
369
-52
-6
-32
!ANG:0.00,0.02,0.02,AN:384,368,379,-48,-21,221,0,0,0
!ANG:-0.35,-0.05,0.02,AN:384,369,379,-48,-12,215,0,0,0
!ANG:-0.49,-0.07,0.04,AN:387,368,381,-53,-10,221,0,0,0
!ANG:-0.53,-0.04,0.06,AN:383,368,379,-49,-21,216,0,0,0
!ANG:-0.82,-0.05,0.04,AN:386,370,379,-53,-9,212,0,0,0
!ANG:-0.86,0.02,0.05,AN:385,368,382,-57,-9,222,238,-19,544
!ANG:-0.89,0.14,0.15,AN:383,368,381,-47,-19,218,238,-19,544
!ANG:-1.13,0.05,0.19,AN:385,370,381,-48,-15,217,238,-19,544
!ANG:-1.27,-0.01,0.27,AN:385,368,381,-50,-12,222,238,-19,544
!ANG:-1.28,-0.04,0.33,AN:384,369,379,-52,-20,212,238,-19,544
!ANG:-1.48,-0.01,0.43,AN:384,367,379,-52,-3,220,238,-19,544
!ANG:-1.30,0.01,0.52,AN:384,367,381,-49,-15,211,239,-15,547
!ANG:-1.44,-0.01,0.49,AN:386,370,381,-48,-17,226,239,-15,547
!ANG:-1.55,-0.07,0.46,AN:384,370,380,-48,-10,217,239,-15,547
!ANG:-1.54,-0.06,0.45,AN:388,369,382,-49,-10,214,239,-15,547
!ANG:-1.50,-0.09,0.41,AN:385,371,380,-55,-17,219,239,-15,547
!ANG:-1.67,0.03,0.38,AN:385,370,382,-54,-2,210,239,-15,547
!ANG:-1.48,0.07,0.32,AN:383,372,382,-53,-16,216,241,-14,552
!ANG:-1.66,0.11,0.30,AN:384,369,383,-48,-4,220,241,-14,552
!ANG:-1.46,0.02,0.23,AN:384,372,379,-45,-29,221,241,-14,552
!ANG:-1.84,-0.06,0.17,AN:387,371,379,-50,-10,220,241,-14,552
!ANG:-1.78,-0.07,0.11,AN:385,371,381,-52,-16,218,241,-14,552
!ANG:-1.88,-0.03,0.04,AN:385,372,381,-56,-14,211,241,-14,552
!ANG:-1.92,0.04,-0.08,AN:382,375,381,-55,-19,215,244,-15,550
!ANG:-2.10,0.11,-0.25,AN:383,376,382,-52,-12,216,244,-15,550
!ANG:-2.13,0.07,-0.42,AN:382,378,384,-52,-12,216,244,-15,550
!ANG:-2.13,0.04,-0.70,AN:382,383,383,-49,-23,212,244,-15,550
!ANG:-2.38,-0.09,-1.07,AN:381,389,383,-53,-24,211,244,-15,550
!ANG:-2.66,-0.15,-1.50,AN:379,392,384,-58,-13,215,244,-15,550
!ANG:-2.67,-0.18,-2.06,AN:375,401,385,-54,-28,214,243,-18,556
!ANG:-3.09,-0.20,-2.96,AN:381,412,386,-34,-38,216,243,-18,556
!ANG:-3.57,-0.48,-3.99,AN:392,426,383,-38,-52,215,243,-18,556
!ANG:-4.33,-0.60,-5.35,AN:397,442,382,-54,-62,242,243,-18,556
!ANG:-4.99,-0.60,-6.93,AN:386,460,383,-61,-67,236,243,-18,556
!ANG:-5.68,-0.66,-8.87,AN:379,477,379,-61,-78,240,243,-18,556
!ANG:-6.12,-0.95,-10.86,AN:369,489,364,-61,-99,250,239,15,551
!ANG:-6.73,-1.77,-14.04,AN:351,517,365,-61,-93,238,239,15,551
!ANG:-7.27,-2.62,-17.02,AN:342,535,367,-56,-53,213,239,15,551
!ANG:-7.36,-3.32,-20.24,AN:350,543,374,-53,-15,186,239,15,551
!ANG:-6.97,-3.74,-23.27,AN:368,540,386,-42,26,200,239,15,551
!ANG:-5.90,-4.02,-26.15,AN:379,524,401,-30,45,223,239,15,551
!ANG:-5.08,-4.29,-28.45,AN:385,500,430,-28,71,236,235,114,538
!ANG:-3.51,-4.37,-30.39,AN:387,438,403,-12,31,214,235,114,538
!ANG:-2.23,-4.45,-31.54,AN:406,412,376,-1,-68,187,235,114,538
!ANG:-3.49,-4.50,-33.17,AN:422,445,391,-16,-91,204,235,114,538
!ANG:-5.59,-4.35,-35.17,AN:422,472,417,-37,-46,221,235,114,538
!ANG:-6.46,-3.84,-37.11,AN:417,466,415,-41,-34,219,235,114,538
!ANG:-6.75,-3.21,-39.11,AN:420,464,400,-31,-84,187,173,129,555
!ANG:-7.37,-2.86,-41.73,AN:424,478,358,-79,-59,307,173,129,555
!ANG:-6.84,-3.61,-43.61,AN:342,456,354,-75,11,294,173,129,555
!ANG:-5.87,-4.35,-45.28,AN:331,450,357,-25,-37,198,173,129,555
!ANG:-5.23,-5.29,-46.82,AN:351,441,344,-10,-39,184,173,129,555
!ANG:-4.31,-6.32,-48.32,AN:354,444,324,-9,-88,209,173,129,555
!ANG:-4.02,-7.34,-50.22,AN:355,469,303,2,-99,200,162,160,548
!ANG:-3.84,-8.29,-52.75,AN:371,489,297,-1,-39,198,162,160,548
!ANG:-2.63,-9.04,-55.08,AN:369,479,313,-17,25,234,162,160,548
!ANG:-0.75,-9.53,-57.02,AN:350,457,336,-12,26,251,162,160,548
!ANG:0.77,-10.26,-58.76,AN:338,445,344,9,-6,231,162,160,548
!ANG:1.69,-11.15,-60.34,AN:346,448,341,25,-41,196,162,160,548
!ANG:2.19,-12.14,-62.11,AN:366,464,322,20,-62,184,137,269,504
!ANG:2.81,-12.81,-64.66,AN:373,482,301,-7,-36,220,137,269,504
!ANG:3.81,-12.92,-67.18,AN:356,485,304,-6,14,248,137,269,504
!ANG:5.51,-13.09,-69.73,AN:347,483,314,0,31,239,137,269,504
!ANG:7.34,-13.24,-72.17,AN:351,472,319,3,46,215,137,269,504
!ANG:9.52,-13.24,-74.39,AN:362,467,307,-1,9,214,137,269,504
!ANG:10.72,-13.10,-76.95,AN:359,494,314,-1,-26,230,93,368,454
!ANG:10.20,-12.77,-80.58,AN:361,537,369,29,12,193,93,368,454
!ANG:9.65,-13.12,-84.28,AN:370,544,421,23,80,209,93,368,454
!ANG:9.87,-13.05,-87.44,AN:379,514,448,9,121,200,93,368,454
!ANG:10.84,-12.30,-90.50,AN:400,500,444,4,53,182,93,368,454
!ANG:10.80,-11.37,-92.97,AN:418,500,424,2,15,190,93,368,454
!ANG:10.41,-10.36,-95.21,AN:423,494,397,-6,35,205,-36,368,457
!ANG:10.36,-9.29,-97.77,AN:420,477,394,-22,57,225,-36,368,457
!ANG:10.92,-8.05,-99.96,AN:416,463,378,-41,46,245,-36,368,457
!ANG:11.39,-6.92,-101.82,AN:402,454,361,-45,46,242,-36,368,457
!ANG:11.73,-5.99,-103.69,AN:390,450,366,-44,22,222,-36,368,457
!ANG:11.50,-5.24,-105.52,AN:385,457,370,-19,24,216,-36,368,457
!ANG:11.07,-5.12,-107.57,AN:383,465,385,-3,47,189,-158,355,455
!ANG:10.81,-5.10,-110.05,AN:397,468,410,-30,15,228,-158,355,455
!ANG:10.34,-4.65,-112.32,AN:388,468,379,-48,50,238,-158,355,455
!ANG:10.15,-4.16,-114.62,AN:373,461,401,-25,25,207,-158,355,455
!ANG:10.14,-4.02,-116.55,AN:387,454,371,-28,39,202,-158,355,455
!ANG:10.80,-3.94,-118.17,AN:382,442,351,-42,24,238,-158,355,455
!ANG:11.11,-3.64,-119.99,AN:374,451,346,-16,27,200,-238,306,460
!ANG:11.62,-3.55,-122.51,AN:393,460,347,-17,50,217,-238,306,460
!ANG:12.20,-3.56,-124.69,AN:385,459,359,-31,47,230,-238,306,460
!ANG:12.38,-3.18,-126.89,AN:387,470,370,-19,35,210,-238,306,460
!ANG:12.07,-3.35,-129.20,AN:377,471,386,-33,61,239,-238,306,460
!ANG:12.15,-3.29,-131.33,AN:368,467,388,-26,52,210,-238,306,460
!ANG:12.46,-3.27,-133.52,AN:377,469,375,-12,37,219,-300,276,449
!ANG:12.06,-3.75,-136.51,AN:367,481,390,-25,35,240,-300,276,449
!ANG:11.26,-3.96,-138.87,AN:361,470,411,-25,81,218,-300,276,449
!ANG:10.91,-3.93,-140.80,AN:378,455,442,-19,71,183,-300,276,449
!ANG:10.41,-3.79,-142.98,AN:392,468,448,-16,-3,193,-300,276,449
!ANG:8.86,-3.77,-144.96,AN:391,471,430,-31,10,230,-300,276,449
!ANG:7.78,-3.51,-146.57,AN:391,447,412,-59,36,221,-353,168,473
!ANG:7.52,-2.53,-149.05,AN:390,457,402,-48,-32,251,-353,168,473
!ANG:6.88,-1.96,-151.24,AN:394,465,359,-19,1,183,-353,168,473
!ANG:6.48,-1.43,-153.58,AN:424,483,385,-30,-12,152,-353,168,473
!ANG:5.44,0.02,-156.37,AN:457,506,415,-84,-44,246,-353,168,473
!ANG:3.49,1.72,-159.42,AN:438,526,422,-130,38,305,-353,168,473
!ANG:2.83,2.19,-161.90,AN:386,489,413,-85,20,213,-380,116,468
!ANG:2.07,2.86,-164.12,AN:381,464,425,-81,-69,262,-380,116,468
!ANG:1.10,2.52,-165.87,AN:354,453,373,-62,-17,189,-380,116,468
!ANG:0.91,2.23,-167.20,AN:366,439,371,-10,-8,174,-380,116,468
!ANG:0.84,1.45,-168.78,AN:385,452,375,-17,-36,203,-380,116,468
!ANG:0.13,0.61,-170.47,AN:385,463,377,-51,12,219,-380,116,468
!ANG:0.58,0.56,-171.99,AN:384,457,374,-40,0,224,-408,1,470
!ANG:0.90,0.16,-173.86,AN:380,447,367,-27,-7,186,-408,1,470
!ANG:0.97,-0.09,-175.53,AN:393,452,370,-40,-25,214,-408,1,470
!ANG:0.23,-0.21,-177.47,AN:391,464,388,-39,-4,209,-408,1,470
!ANG:-0.12,-0.27,-179.33,AN:395,467,399,-41,-13,211,-408,1,470
!ANG:-0.78,-0.20,178.60,AN:400,475,405,-45,-3,221,-408,1,470
!ANG:-1.24,-0.16,176.81,AN:395,468,411,-44,-18,212,-403,-70,479
!ANG:-2.08,-0.08,174.53,AN:400,469,410,-45,-28,228,-403,-70,479
!ANG:-2.83,0.01,172.82,AN:400,457,405,-48,3,215,-403,-70,479
!ANG:-2.91,0.17,171.26,AN:401,447,408,-57,-16,239,-403,-70,479
!ANG:-3.36,0.45,169.77,AN:399,449,406,-44,-39,226,-403,-70,479
!ANG:-4.33,0.21,168.41,AN:388,441,408,-40,27,214,-403,-70,479
!ANG:-3.28,0.17,167.54,AN:400,419,385,-49,-20,229,-393,-170,466
!ANG:-3.09,0.22,166.55,AN:392,407,370,-59,-29,227,-393,-170,466
!ANG:-3.04,0.41,165.79,AN:389,403,365,-60,-39,238,-393,-170,466
!ANG:-3.11,0.57,165.12,AN:387,397,363,-67,-19,244,-393,-170,466
!ANG:-2.97,0.69,164.55,AN:380,395,372,-49,-27,226,-393,-170,466
!ANG:-2.85,0.50,164.18,AN:381,384,363,-52,-14,231,-393,-170,466
!ANG:-2.28,0.41,164.07,AN:381,371,353,-46,-32,219,-384,-200,461
!ANG:-2.05,0.04,163.80,AN:377,369,349,-49,-47,224,-384,-200,461
!ANG:-2.20,-0.14,163.76,AN:377,360,350,-42,-14,209,-384,-200,461
!ANG:-1.63,-0.46,163.88,AN:377,352,350,-44,-1,212,-384,-200,461
!ANG:-0.91,-0.71,164.09,AN:378,347,357,-45,3,211,-384,-200,461
!ANG:-0.25,-0.91,164.38,AN:378,342,359,-41,4,216,-384,-200,461
!ANG:0.36,-1.23,164.76,AN:375,336,358,-36,6,210,-380,-158,476
!ANG:1.03,-1.69,165.48,AN:375,326,358,-43,-1,217,-380,-158,476
!ANG:1.53,-1.91,166.26,AN:375,317,350,-55,8,232,-380,-158,476
!ANG:2.17,-1.97,167.26,AN:370,306,350,-51,25,225,-380,-158,476
!ANG:3.00,-2.12,168.39,AN:370,294,355,-46,20,222,-380,-158,476
!ANG:3.49,-2.38,169.73,AN:371,285,364,-33,33,208,-380,-158,476
!ANG:4.04,-2.82,171.21,AN:377,272,373,-23,11,194,-381,-87,486
!ANG:4.46,-3.23,173.53,AN:393,259,355,-24,35,191,-381,-87,486
!ANG:5.43,-3.30,175.67,AN:408,240,343,-34,15,197,-381,-87,486
!ANG:5.83,-3.07,177.78,AN:413,247,350,-59,-33,224,-381,-87,486
!ANG:4.89,-2.23,179.34,AN:414,272,364,-51,-23,203,-381,-87,486
!ANG:3.89,-1.76,-179.35,AN:405,284,386,-54,21,232,-381,-87,486
!ANG:3.34,-1.31,-177.98,AN:403,274,415,-63,19,211,-413,9,460
!ANG:2.75,-0.69,-175.79,AN:398,259,418,-65,-5,238,-413,9,460
!ANG:1.92,-0.43,-173.90,AN:385,257,410,-54,-2,223,-413,9,460
!ANG:1.40,-0.39,-171.71,AN:384,244,399,-62,17,225,-413,9,460
!ANG:1.62,-0.18,-169.68,AN:385,244,385,-54,-36,219,-413,9,460
!ANG:0.68,-0.10,-168.00,AN:386,265,382,-65,-25,230,-413,9,460
!ANG:0.35,0.15,-166.50,AN:383,268,372,-66,1,227,-410,42,463
!ANG:1.44,0.70,-164.19,AN:397,249,334,-37,51,197,-410,42,463
!ANG:3.53,0.62,-161.66,AN:408,219,324,-35,43,147,-410,42,463
!ANG:5.23,0.23,-159.40,AN:387,235,315,-105,-3,285,-410,42,463
!ANG:6.20,0.37,-157.60,AN:377,250,313,-89,-27,222,-410,42,463
!ANG:6.24,0.94,-156.10,AN:383,268,322,-58,17,210,-410,42,463
!ANG:6.74,0.60,-154.75,AN:374,270,348,-54,59,229,-382,173,445
!ANG:7.54,0.50,-152.88,AN:392,272,376,-12,49,184,-382,173,445
!ANG:7.76,-0.18,-151.18,AN:404,267,393,-40,68,210,-382,173,445
!ANG:8.56,-0.80,-149.21,AN:382,252,384,-86,56,255,-382,173,445
!ANG:8.89,-0.84,-147.50,AN:369,256,373,-74,16,240,-382,173,445
!ANG:8.50,-0.67,-145.77,AN:383,260,377,-28,49,190,-382,173,445
!ANG:8.85,-1.26,-143.83,AN:393,243,380,-20,87,204,-314,277,437
!ANG:9.84,-1.70,-141.42,AN:414,253,393,-59,18,225,-314,277,437
!ANG:9.10,-1.30,-139.75,AN:404,274,393,-60,28,218,-314,277,437
!ANG:9.02,-0.91,-138.17,AN:403,276,374,-36,106,199,-314,277,437
!ANG:10.94,-1.15,-136.03,AN:408,248,362,-20,27,221,-314,277,437
!ANG:10.52,-1.82,-134.03,AN:402,258,378,-22,62,153,-314,277,437
!ANG:11.05,-1.68,-131.75,AN:434,241,372,-62,86,230,-262,349,425
!ANG:11.83,-1.24,-128.49,AN:416,224,379,-56,75,218,-262,349,425
!ANG:12.21,-1.03,-125.80,AN:417,216,386,-59,82,239,-262,349,425
!ANG:12.68,-1.37,-122.88,AN:393,194,374,-24,92,196,-262,349,425
!ANG:13.54,-2.44,-119.66,AN:399,182,382,-35,75,217,-262,349,425
!ANG:13.44,-3.26,-116.73,AN:389,184,397,-49,19,201,-262,349,425
!ANG:12.31,-3.74,-114.30,AN:380,216,394,-92,3,246,-126,407,414
!ANG:11.50,-3.50,-111.43,AN:367,237,360,-48,31,203,-126,407,414
!ANG:11.74,-3.55,-109.20,AN:395,241,345,-4,66,185,-126,407,414
!ANG:12.60,-4.21,-106.88,AN:415,234,351,13,82,190,-126,407,414
!ANG:13.68,-5.47,-104.03,AN:416,208,354,-18,123,238,-126,407,414
!ANG:14.65,-5.97,-101.39,AN:402,205,353,-23,58,233,-126,407,414
!ANG:14.00,-6.32,-99.50,AN:395,251,394,-34,16,214,22,441,401
!ANG:12.82,-6.34,-96.55,AN:399,247,371,-85,88,209,22,441,401
!ANG:13.75,-5.55,-94.23,AN:386,244,361,0,28,232,22,441,401
!ANG:13.53,-6.07,-91.32,AN:418,217,344,-7,121,185,22,441,401
!ANG:15.48,-6.50,-88.51,AN:426,216,345,29,66,207,22,441,401
!ANG:15.34,-7.59,-85.52,AN:427,204,370,-19,134,224,22,441,401
!ANG:15.82,-7.64,-82.63,AN:423,206,385,-33,74,211,152,401,397
!ANG:15.21,-7.74,-79.52,AN:399,226,402,-51,30,250,152,401,397
!ANG:13.91,-7.60,-76.76,AN:390,237,394,-26,48,207,152,401,397
!ANG:12.92,-7.78,-74.22,AN:395,237,408,3,69,211,152,401,397
!ANG:12.41,-8.62,-71.18,AN:397,211,403,7,112,212,152,401,397
!ANG:12.57,-9.01,-68.41,AN:415,212,405,11,55,190,152,401,397
!ANG:11.78,-9.75,-65.65,AN:406,222,407,-19,51,230,269,302,428
!ANG:10.67,-9.74,-62.49,AN:395,238,414,-22,37,194,269,302,428
!ANG:9.61,-9.64,-59.82,AN:398,253,414,-12,13,198,269,302,428
!ANG:8.35,-9.59,-57.51,AN:402,267,408,13,56,211,269,302,428
!ANG:7.72,-9.99,-55.33,AN:402,268,423,15,77,219,269,302,428
!ANG:7.28,-10.33,-53.05,AN:401,251,430,23,30,203,269,302,428
!ANG:5.93,-10.77,-50.62,AN:411,255,434,13,-16,231,298,247,441
!ANG:3.83,-10.79,-48.39,AN:404,280,427,1,-5,232,298,247,441
!ANG:2.49,-10.60,-46.74,AN:399,297,417,26,-33,212,298,247,441
!ANG:1.23,-10.76,-45.45,AN:413,315,393,29,-9,197,298,247,441
!ANG:0.84,-10.63,-44.27,AN:435,316,379,18,13,207,298,247,441
!ANG:1.05,-10.21,-43.16,AN:438,310,376,-12,13,248,298,247,441
!ANG:1.19,-9.39,-41.99,AN:418,309,374,-18,30,231,326,139,474
!ANG:1.76,-8.58,-40.37,AN:416,302,373,3,51,201,326,139,474
!ANG:2.45,-8.16,-38.65,AN:433,288,393,-8,21,234,326,139,474
!ANG:2.33,-7.62,-37.02,AN:422,293,391,-22,-21,236,326,139,474
!ANG:1.47,-6.97,-35.65,AN:413,313,390,-34,-46,234,326,139,474
!ANG:0.51,-6.53,-34.86,AN:393,341,379,-26,-35,226,326,139,474
!ANG:-0.10,-6.33,-34.36,AN:390,355,374,-17,2,222,304,89,500
!ANG:0.03,-6.48,-33.76,AN:384,358,381,-9,21,238,304,89,500
!ANG:0.40,-6.69,-33.20,AN:385,356,384,0,2,214,304,89,500
!ANG:0.40,-7.15,-32.65,AN:387,357,385,-12,2,219,304,89,500
!ANG:0.44,-7.30,-32.12,AN:386,358,383,-14,3,204,304,89,500
!ANG:0.39,-7.42,-31.62,AN:386,358,388,-36,30,228,304,89,500
!ANG:0.90,-7.24,-31.19,AN:374,358,389,-29,-6,203,307,73,506
!ANG:0.64,-7.26,-30.67,AN:375,363,387,-32,26,218,307,73,506
!ANG:1.27,-7.34,-30.33,AN:366,365,381,-24,-19,213,307,73,506
!ANG:1.02,-7.51,-30.08,AN:370,376,370,-12,-23,203,307,73,506
!ANG:0.92,-7.95,-30.01,AN:370,386,362,-4,-3,219,307,73,506
!ANG:1.04,-8.40,-29.88,AN:375,380,373,0,37,230,307,73,506
!ANG:1.68,-8.83,-29.65,AN:374,368,383,-3,33,215,311,78,502
!ANG:2.34,-9.21,-29.46,AN:378,371,386,-16,-7,211,311,78,502
!ANG:2.17,-9.25,-29.40,AN:377,384,377,-24,-10,213,311,78,502
!ANG:2.01,-9.05,-29.31,AN:379,383,373,-5,33,211,311,78,502
!ANG:2.64,-9.38,-29.10,AN:376,368,382,-3,50,238,311,78,502
!ANG:3.29,-9.54,-28.92,AN:379,369,386,6,7,215,311,78,502
!ANG:3.09,-9.89,-28.71,AN:384,374,389,1,9,226,322,75,500
!ANG:2.92,-10.10,-28.31,AN:382,372,389,0,15,230,322,75,500
!ANG:2.86,-10.21,-27.96,AN:383,370,390,1,16,227,322,75,500
!ANG:2.79,-10.38,-27.54,AN:382,367,392,-1,13,230,322,75,500
!ANG:2.72,-10.45,-27.11,AN:383,365,389,3,7,232,322,75,500
!ANG:2.42,-10.59,-26.54,AN:383,360,393,10,14,242,322,75,500
!ANG:2.15,-10.79,-25.97,AN:383,356,399,8,4,236,329,69,495
!ANG:1.83,-11.04,-25.35,AN:381,358,392,-11,-20,212,329,69,495
!ANG:1.29,-10.89,-24.89,AN:384,367,380,-12,10,225,329,69,495
!ANG:1.53,-10.70,-24.65,AN:383,371,379,-4,14,218,329,69,495
!ANG:1.75,-10.69,-24.42,AN:385,370,383,-2,-2,210,329,69,495
!ANG:1.68,-10.73,-24.19,AN:387,374,379,-10,6,212,329,69,495
!ANG:1.86,-10.57,-24.05,AN:387,376,377,-23,26,222,332,61,494
!ANG:2.39,-10.29,-23.86,AN:376,371,382,-11,-1,212,332,61,494
!ANG:2.25,-10.38,-23.66,AN:375,375,381,3,1,203,332,61,494
!ANG:2.13,-10.73,-23.48,AN:379,376,384,6,-2,212,332,61,494
!ANG:1.99,-11.00,-23.32,AN:383,377,382,1,0,219,332,61,494
!ANG:1.94,-11.14,-23.17,AN:381,377,380,-9,-1,217,332,61,494
!ANG:1.75,-11.17,-23.09,AN:375,380,387,-11,6,217,332,62,494
!ANG:1.77,-11.20,-23.08,AN:372,382,386,-1,-5,215,332,62,494
!ANG:1.67,-11.42,-23.02,AN:374,382,379,3,-1,224,332,62,494
!ANG:1.76,-11.69,-22.96,AN:373,381,374,12,-9,219,332,62,494
!ANG:1.69,-12.02,-22.88,AN:379,382,373,9,11,229,332,62,494
!ANG:1.99,-12.31,-22.80,AN:374,377,375,4,2,235,332,62,494
!ANG:2.13,-12.56,-22.76,AN:368,381,373,4,-14,236,337,67,491
!ANG:2.17,-12.86,-22.89,AN:365,391,364,9,-6,223,337,67,491
!ANG:2.41,-13.17,-23.19,AN:369,399,362,9,-1,227,337,67,491
!ANG:2.75,-13.49,-23.59,AN:366,403,363,13,0,223,337,67,491
!ANG:3.15,-13.80,-24.11,AN:369,411,361,5,-2,222,337,67,491
!ANG:3.64,-14.00,-24.67,AN:365,413,353,1,13,226,337,67,491
!ANG:4.58,-14.14,-25.19,AN:361,409,341,9,9,223,343,109,479
!ANG:6.30,-14.65,-25.56,AN:354,391,298,16,22,217,343,109,479
!ANG:8.77,-14.97,-25.52,AN:370,372,246,37,42,232,343,109,479
!ANG:12.51,-15.44,-24.72,AN:384,333,182,38,83,217,343,109,479
!ANG:15.11,-15.93,-24.09,AN:383,332,259,39,77,170,343,109,479
!ANG:15.99,-16.36,-24.25,AN:391,376,365,19,35,200,343,109,479
!ANG:15.38,-16.52,-24.28,AN:374,382,384,-16,61,226,360,192,436
!ANG:15.73,-16.03,-24.33,AN:360,375,363,7,61,220,360,192,436
!ANG:16.09,-16.25,-24.21,AN:356,365,356,19,94,212,360,192,436
!ANG:17.56,-16.60,-23.95,AN:365,350,325,32,82,195,360,192,436
!ANG:19.20,-17.07,-23.34,AN:382,340,304,39,90,186,360,192,436
!ANG:20.08,-17.61,-22.84,AN:384,343,347,22,92,204,360,192,436
!ANG:19.87,-17.76,-22.52,AN:374,352,398,24,79,180,379,207,405
!ANG:18.51,-17.46,-23.42,AN:385,417,462,54,64,203,379,207,405
!ANG:15.82,-17.65,-24.35,AN:385,435,536,47,71,205,379,207,405
!ANG:12.89,-17.66,-25.23,AN:391,428,566,33,42,226,379,207,405
!ANG:8.99,-17.56,-26.07,AN:382,428,589,16,35,203,379,207,405
!ANG:5.03,-17.30,-26.99,AN:385,430,618,11,2,213,379,207,405
!ANG:-0.48,-17.13,-28.12,AN:380,445,672,11,-36,198,352,97,472
!ANG:-8.85,-17.54,-30.13,AN:378,489,799,29,-73,180,352,97,472
!ANG:-19.47,-18.94,-32.84,AN:389,537,953,35,-97,180,352,97,472
!ANG:-30.19,-20.73,-35.43,AN:395,540,1011,35,-108,183,352,97,472
!ANG:-38.04,-21.72,-36.88,AN:397,460,847,20,-130,202,352,97,472
!ANG:-42.49,-21.70,-37.04,AN:373,395,654,49,-210,139,352,97,472
!ANG:-47.07,-21.99,-36.86,AN:390,399,594,77,-238,92,364,-245,435
!ANG:-51.41,-22.58,-37.29,AN:411,399,535,49,-208,138,364,-245,435
!ANG:-53.91,-22.65,-37.46,AN:384,381,518,52,-195,121,364,-245,435
!ANG:-56.31,-22.75,-37.68,AN:389,374,515,61,-226,81,364,-245,435
!ANG:-59.50,-22.91,-37.62,AN:394,373,518,56,-222,78,364,-245,435
!ANG:-62.61,-22.96,-37.65,AN:395,370,535,57,-222,53,364,-245,435
!ANG:-66.30,-22.99,-37.71,AN:404,365,547,57,-224,56,361,-303,405
!ANG:-70.44,-22.88,-38.26,AN:398,355,561,43,-217,48,361,-303,405
!ANG:-74.38,-22.66,-38.91,AN:396,358,575,44,-252,30,361,-303,405
!ANG:-78.29,-22.61,-39.61,AN:403,376,593,46,-265,1,361,-303,405
!ANG:-82.64,-22.89,-40.27,AN:402,391,593,50,-271,3,361,-303,405
!ANG:-86.34,-23.26,-40.49,AN:376,394,579,63,-256,-16,361,-303,405
!ANG:-90.06,-23.87,-40.29,AN:358,391,561,56,-259,-53,347,-429,300
!ANG:-95.38,-24.47,-39.73,AN:349,395,556,40,-258,-43,347,-429,300
!ANG:-96.59,-24.09,-38.22,AN:280,381,412,48,-305,-42,347,-429,300
!ANG:-98.18,-24.04,-36.12,AN:256,401,418,72,-222,-97,347,-429,300
!ANG:-100.43,-25.03,-36.16,AN:379,397,455,84,-247,-113,347,-429,300
!ANG:-102.39,-25.93,-36.36,AN:384,397,436,74,-208,-76,347,-429,300
!ANG:-104.09,-26.69,-36.12,AN:350,387,445,75,-224,-60,387,-471,145
!ANG:-104.59,-27.16,-36.28,AN:357,378,421,86,-212,-129,387,-471,145
!ANG:-106.97,-27.62,-36.35,AN:387,368,448,70,-244,-119,387,-471,145
!ANG:-109.00,-27.62,-36.64,AN:385,376,469,42,-255,-106,387,-471,145
!ANG:-111.18,-27.32,-37.67,AN:409,380,509,51,-240,-145,387,-471,145
!ANG:-114.94,-27.52,-38.68,AN:425,385,552,63,-234,-111,387,-471,145
!ANG:-117.76,-27.97,-39.79,AN:418,386,574,76,-211,-155,402,-462,82
!ANG:-123.60,-29.15,-41.16,AN:436,383,622,83,-189,-178,402,-462,82
!ANG:-128.62,-30.10,-42.41,AN:451,369,661,93,-198,-192,402,-462,82
!ANG:-133.86,-31.26,-44.25,AN:470,361,690,89,-175,-212,402,-462,82
!ANG:-139.18,-32.31,-45.61,AN:455,367,663,84,-167,-168,402,-462,82
!ANG:-142.03,-32.94,-46.71,AN:413,372,585,96,-129,-188,402,-462,82
!ANG:-145.21,-33.67,-47.08,AN:398,372,542,117,-128,-204,423,-426,-72
!ANG:-148.44,-34.04,-47.09,AN:370,372,515,103,-98,-201,423,-426,-72
!ANG:-151.60,-34.26,-46.57,AN:358,381,504,104,-101,-236,423,-426,-72
!ANG:-155.47,-33.97,-45.97,AN:356,384,528,96,-96,-239,423,-426,-72
!ANG:-158.81,-33.58,-45.56,AN:355,386,537,85,-103,-216,423,-426,-72
!ANG:-161.48,-32.89,-45.30,AN:339,393,515,78,-87,-245,423,-426,-72
!ANG:-163.61,-32.05,-44.99,AN:345,390,486,78,-66,-271,423,-349,-199
!ANG:-166.52,-31.07,-44.25,AN:356,392,467,69,-65,-247,423,-349,-199
!ANG:-167.48,-30.42,-43.86,AN:357,395,420,75,-56,-269,423,-349,-199
!ANG:-168.49,-29.94,-43.33,AN:367,398,407,70,-44,-261,423,-349,-199
!ANG:-169.94,-29.47,-42.55,AN:363,407,420,74,-55,-243,423,-349,-199
!ANG:-171.01,-29.31,-42.13,AN:366,403,427,79,-18,-267,423,-349,-199
!ANG:-172.57,-29.36,-41.99,AN:386,375,427,86,11,-286,416,-265,-271
!ANG:-175.09,-29.46,-41.65,AN:390,366,439,82,-4,-265,416,-265,-271
!ANG:-176.81,-29.67,-41.62,AN:392,364,445,84,-4,-250,416,-265,-271
!ANG:-178.63,-29.97,-41.58,AN:386,367,451,76,-29,-236,416,-265,-271
!ANG:-179.75,-30.04,-41.67,AN:377,380,455,76,-18,-246,416,-265,-271
!ANG:178.93,-29.96,-41.58,AN:375,384,451,82,22,-252,416,-265,-271
!ANG:176.90,-29.88,-41.25,AN:373,375,449,79,-2,-259,416,-203,-299
!ANG:175.38,-29.65,-41.17,AN:374,380,447,80,-5,-237,416,-203,-299
!ANG:174.80,-29.55,-41.20,AN:363,382,424,73,0,-237,416,-203,-299
!ANG:174.62,-29.24,-41.30,AN:359,377,402,61,49,-256,416,-203,-299
!ANG:173.41,-28.56,-40.86,AN:367,373,390,48,26,-272,416,-203,-299
!ANG:173.26,-27.85,-40.78,AN:377,375,379,39,20,-271,416,-203,-299
!ANG:173.37,-27.19,-40.74,AN:390,375,373,50,31,-283,407,-151,-329
!ANG:173.18,-27.00,-40.54,AN:401,372,376,60,43,-269,407,-151,-329
!ANG:172.96,-27.09,-40.26,AN:399,371,364,70,44,-255,407,-151,-329
!ANG:172.84,-27.44,-39.94,AN:396,371,354,82,16,-260,407,-151,-329
!ANG:173.60,-27.93,-39.82,AN:396,378,342,82,32,-254,407,-151,-329
!ANG:174.08,-28.34,-39.43,AN:391,380,332,84,37,-261,407,-151,-329
!ANG:174.55,-28.60,-39.01,AN:389,380,326,84,10,-258,418,-163,-322
!ANG:176.00,-28.80,-38.69,AN:382,387,310,86,1,-247,418,-163,-322
!ANG:177.98,-29.01,-38.30,AN:374,393,283,77,0,-261,418,-163,-322
!ANG:180.00,-28.89,-37.79,AN:375,397,256,70,1,-268,418,-163,-322
!ANG:-176.99,-28.60,-37.10,AN:373,400,197,79,-50,-223,418,-163,-322
!ANG:-170.38,-28.60,-36.59,AN:346,411,70,72,-73,-229,418,-163,-322
!ANG:-163.20,-28.58,-36.22,AN:352,404,28,47,-60,-312,420,-221,-282
!ANG:-157.27,-27.97,-35.34,AN:374,393,72,54,-104,-277,420,-221,-282
!ANG:-152.11,-27.14,-34.58,AN:353,390,114,63,-133,-229,420,-221,-282
!ANG:-146.73,-26.61,-33.95,AN:341,391,129,74,-141,-239,420,-221,-282
!ANG:-143.12,-26.11,-33.17,AN:333,385,161,73,-117,-274,420,-221,-282
!ANG:-140.77,-25.58,-32.26,AN:349,373,207,76,-161,-272,420,-221,-282
!ANG:-138.29,-25.45,-31.87,AN:371,378,228,43,-201,-210,411,-374,-154
!ANG:-134.72,-25.05,-31.49,AN:364,399,234,41,-209,-194,411,-374,-154
!ANG:-131.99,-24.90,-31.00,AN:363,410,253,46,-178,-197,411,-374,-154
!ANG:-130.30,-25.04,-30.23,AN:366,410,270,52,-182,-188,411,-374,-154
!ANG:-128.45,-25.19,-29.56,AN:360,406,252,58,-175,-195,411,-374,-154
!ANG:-126.29,-25.78,-29.07,AN:382,404,237,65,-189,-222,411,-374,-154
!ANG:-124.52,-26.35,-28.59,AN:389,407,240,56,-201,-151,431,-400,-75
!ANG:-120.36,-26.88,-28.58,AN:385,400,206,71,-204,-155,431,-400,-75
!ANG:-116.98,-27.54,-28.43,AN:385,398,197,68,-244,-137,431,-400,-75
!ANG:-112.35,-27.99,-28.54,AN:389,402,147,76,-233,-136,431,-400,-75
!ANG:-107.52,-28.64,-28.89,AN:405,396,134,97,-220,-39,431,-400,-75
!ANG:-100.91,-29.49,-29.21,AN:359,379,94,87,-254,-15,431,-400,-75
!ANG:-92.87,-29.59,-29.03,AN:340,367,19,94,-261,-73,456,-403,74
!ANG:-85.68,-29.58,-28.69,AN:374,358,7,93,-248,-71,456,-403,74
!ANG:-79.66,-29.53,-28.83,AN:410,354,7,84,-257,-4,456,-403,74
!ANG:-71.87,-28.83,-30.71,AN:477,354,5,80,-221,45,456,-403,74
!ANG:-63.45,-27.00,-33.93,AN:561,325,5,68,-186,40,456,-403,74
!ANG:-56.31,-25.74,-34.41,AN:454,301,4,23,-192,211,456,-403,74
!ANG:-48.80,-24.43,-33.68,AN:366,293,4,53,-169,138,420,-294,353
!ANG:-40.83,-23.34,-33.20,AN:404,303,13,70,-158,91,420,-294,353
!ANG:-36.24,-23.12,-32.81,AN:422,328,86,40,-161,133,420,-294,353
!ANG:-31.72,-21.87,-32.59,AN:433,337,130,36,-90,144,420,-294,353
!ANG:-27.54,-21.33,-32.66,AN:416,343,169,10,-87,222,420,-294,353
!ANG:-22.21,-19.85,-32.41,AN:411,324,140,36,-43,205,420,-294,353
!ANG:-17.09,-19.08,-32.27,AN:419,322,158,47,-79,198,376,-71,480
!ANG:-13.74,-18.76,-31.84,AN:411,345,225,25,-50,206,376,-71,480
!ANG:-11.64,-18.17,-31.80,AN:409,357,280,10,-43,201,376,-71,480
!ANG:-10.02,-17.35,-31.74,AN:408,359,307,1,-29,203,376,-71,480
!ANG:-8.53,-16.49,-31.82,AN:407,364,320,-13,-46,214,376,-71,480
!ANG:-7.49,-15.46,-31.89,AN:398,373,323,-7,-25,206,376,-71,480
!ANG:-6.19,-14.80,-32.03,AN:396,373,325,11,-34,208,349,26,495
!ANG:-4.53,-14.30,-32.04,AN:406,378,307,32,-12,211,349,26,495
!ANG:-2.60,-14.18,-32.00,AN:416,371,291,20,10,228,349,26,495
!ANG:-0.31,-13.76,-31.81,AN:413,362,288,10,11,225,349,26,495
!ANG:1.84,-13.17,-31.50,AN:416,358,280,6,3,213,349,26,495
!ANG:3.39,-12.60,-31.28,AN:415,369,300,-20,35,245,349,26,495
!ANG:4.77,-11.79,-31.22,AN:401,372,327,-16,25,226,310,110,491
!ANG:5.88,-10.95,-31.12,AN:404,375,338,-12,43,221,310,110,491
!ANG:6.93,-10.33,-31.11,AN:406,377,349,-13,23,234,310,110,491
!ANG:7.22,-9.77,-31.06,AN:402,380,362,-6,22,238,310,110,491
!ANG:7.01,-9.44,-31.10,AN:399,385,387,-1,50,231,310,110,491
!ANG:6.86,-9.37,-31.08,AN:393,376,411,-11,65,239,310,110,491
!ANG:6.51,-9.27,-30.91,AN:386,365,432,-1,20,225,299,111,501
!ANG:5.40,-9.32,-30.34,AN:391,366,427,-9,14,209,299,111,501
!ANG:4.60,-9.21,-29.83,AN:394,364,418,-16,12,220,299,111,501
!ANG:3.73,-8.94,-29.37,AN:392,367,421,-25,17,217,299,111,501
!ANG:3.09,-8.57,-28.99,AN:389,368,422,-28,4,216,299,111,501
!ANG:2.42,-8.21,-28.64,AN:386,371,410,-25,-3,211,299,111,501
!ANG:2.15,-8.08,-28.28,AN:381,370,385,-34,11,225,294,87,512
!ANG:2.29,-7.80,-27.99,AN:376,369,381,-25,24,213,294,87,512
!ANG:2.58,-7.71,-27.74,AN:381,366,388,-16,-4,207,294,87,512
!ANG:2.22,-7.92,-27.36,AN:377,365,387,-23,27,231,294,87,512
!ANG:2.63,-7.96,-27.03,AN:374,361,380,-8,-6,219,294,87,512
!ANG:2.41,-8.21,-26.80,AN:381,372,377,-11,-20,203,294,87,512
!ANG:1.98,-8.47,-26.55,AN:378,372,375,-27,-1,217,293,75,519
!ANG:2.13,-8.32,-26.26,AN:376,372,368,-22,11,209,293,75,519
!ANG:2.40,-8.39,-26.00,AN:374,369,374,-17,14,212,293,75,519
!ANG:2.60,-8.48,-25.68,AN:378,365,380,-14,21,214,293,75,519
!ANG:3.03,-8.64,-25.43,AN:377,368,376,-14,-8,219,293,75,519
!ANG:2.85,-8.74,-25.15,AN:378,371,371,-19,17,228,293,75,519
!ANG:3.23,-8.79,-24.87,AN:374,367,370,-14,19,232,307,81,502
!ANG:3.57,-8.85,-24.51,AN:378,363,372,-2,23,229,307,81,502
!ANG:3.95,-9.00,-24.18,AN:386,364,372,1,10,226,307,81,502
!ANG:4.06,-9.19,-23.78,AN:387,361,370,-9,10,223,307,81,502
!ANG:4.24,-9.11,-23.50,AN:390,368,367,-12,-10,214,307,81,502
!ANG:3.69,-9.05,-23.17,AN:388,368,381,-27,33,222,307,81,502
!ANG:3.98,-8.80,-23.01,AN:379,368,390,-31,20,225,305,92,504
!ANG:3.92,-8.42,-22.89,AN:381,372,392,-4,5,223,305,92,504
!ANG:3.48,-8.61,-22.75,AN:385,373,395,-2,0,226,305,92,504
!ANG:3.01,-8.73,-22.59,AN:389,372,394,-6,19,215,305,92,504
!ANG:2.74,-8.66,-22.47,AN:397,371,408,-18,-2,233,305,92,504
!ANG:1.88,-8.30,-22.45,AN:396,379,418,-21,-6,218,305,92,504
!ANG:0.94,-7.82,-22.56,AN:402,386,420,-29,6,228,302,67,512
!ANG:0.35,-7.14,-22.63,AN:403,384,419,-16,-17,231,302,67,512
!ANG:-0.60,-6.72,-22.72,AN:409,388,417,-7,-7,211,302,67,512
!ANG:-1.19,-6.26,-22.81,AN:429,386,415,-21,1,234,302,67,512
!ANG:-1.66,-5.28,-22.92,AN:437,385,418,-9,-55,205,302,67,512
!ANG:-3.15,-4.33,-23.12,AN:462,395,411,-35,-15,235,302,67,512
!ANG:-3.70,-2.92,-23.37,AN:455,391,415,-53,-10,246,241,43,548
!ANG:-4.29,-1.35,-23.80,AN:449,389,422,-46,-31,196,241,43,548
!ANG:-5.44,0.27,-24.40,AN:471,398,430,-63,-31,209,241,43,548
!ANG:-6.72,2.13,-25.13,AN:478,404,445,-69,-21,225,241,43,548
!ANG:-7.35,4.05,-25.64,AN:478,391,427,-90,-5,244,241,43,548
!ANG:-7.18,5.86,-25.82,AN:467,378,402,-81,-60,229,241,43,548
!ANG:-7.83,7.42,-26.30,AN:466,388,387,-77,-79,218,135,9,588
!ANG:-8.03,9.00,-26.86,AN:474,383,342,-62,-65,170,135,9,588
!ANG:-7.89,10.67,-27.46,AN:493,385,339,-82,-72,196,135,9,588
!ANG:-7.89,12.70,-28.22,AN:515,390,330,-111,-9,203,135,9,588
!ANG:-5.84,15.11,-28.06,AN:501,361,307,-128,20,236,135,9,588
!ANG:-3.29,16.87,-27.40,AN:474,346,296,-129,-53,211,135,9,588
!ANG:-1.84,18.80,-27.36,AN:480,357,267,-126,-64,154,57,40,596
!ANG:0.16,21.63,-27.41,AN:515,366,233,-111,-41,118,57,40,596
!ANG:2.05,24.76,-27.42,AN:546,377,262,-170,70,198,57,40,596
!ANG:5.53,26.95,-26.08,AN:495,350,280,-213,82,258,57,40,596
!ANG:7.69,28.27,-25.06,AN:453,346,303,-178,4,165,57,40,596
!ANG:9.24,30.28,-24.55,AN:476,357,288,-158,-36,70,57,40,596
!ANG:11.42,32.67,-24.30,AN:496,378,258,-180,-30,95,-98,172,574
!ANG:12.49,35.76,-24.96,AN:505,410,280,-183,18,110,-98,172,574
!ANG:12.90,38.65,-25.49,AN:497,416,336,-235,121,211,-98,172,574
!ANG:13.54,39.43,-25.22,AN:432,392,373,-238,80,199,-98,172,574
!ANG:13.16,40.57,-25.51,AN:442,411,400,-173,-20,40,-98,172,574
!ANG:12.63,42.99,-26.14,AN:498,422,377,-157,-37,-18,-98,172,574
!ANG:12.22,45.97,-26.75,AN:536,431,374,-188,2,35,-224,232,519
!ANG:9.70,49.39,-28.06,AN:510,431,446,-232,53,149,-224,232,519
!ANG:8.08,50.71,-28.21,AN:474,413,477,-242,1,62,-224,232,519
!ANG:5.68,53.32,-29.15,AN:479,408,466,-227,-12,-25,-224,232,519
!ANG:3.96,57.02,-29.93,AN:531,404,435,-241,-4,27,-224,232,519
!ANG:3.50,61.03,-30.17,AN:551,386,390,-267,-1,97,-224,232,519
!ANG:4.04,63.65,-29.87,AN:537,369,361,-292,-15,116,-394,149,464
!ANG:3.91,65.88,-30.20,AN:504,368,363,-270,6,56,-394,149,464
!ANG:5.55,68.33,-28.59,AN:503,353,373,-265,25,-53,-394,149,464
!ANG:10.43,72.77,-23.70,AN:545,335,376,-258,42,-92,-394,149,464
!ANG:23.08,77.88,-11.04,AN:587,316,376,-299,12,2,-394,149,464
!ANG:38.10,80.76,4.07,AN:567,316,376,-333,-12,76,-394,149,464
!ANG:44.85,81.65,11.19,AN:510,332,393,-326,-38,84,-518,186,321
!ANG:43.26,82.17,10.04,AN:458,346,388,-280,0,-44,-518,186,321
!ANG:57.59,83.34,24.38,AN:463,339,375,-252,21,-110,-518,186,321
!ANG:96.21,83.60,62.83,AN:520,338,369,-249,-6,-88,-518,186,321
!ANG:130.20,81.85,96.95,AN:567,359,384,-271,-19,-55,-518,186,321
!ANG:144.19,80.96,111.17,AN:490,384,397,-332,-9,20,-518,186,321
!ANG:147.99,81.79,115.28,AN:442,398,401,-296,8,-68,-566,194,205
!ANG:152.76,81.69,120.03,AN:393,385,377,-259,49,-135,-566,194,205
!ANG:151.65,79.62,118.52,AN:386,354,360,-259,-7,-104,-566,194,205
!ANG:160.46,76.32,127.21,AN:532,367,370,-285,-59,-64,-566,194,205
!ANG:173.44,73.05,140.11,AN:594,410,374,-273,17,-96,-566,194,205
!ANG:175.14,70.94,141.46,AN:503,398,360,-264,90,-120,-566,194,205
!ANG:168.52,69.92,134.31,AN:397,358,347,-259,38,-135,-593,173,98
!ANG:167.60,69.21,132.78,AN:379,367,342,-264,-28,-116,-593,173,98
!ANG:173.11,67.99,137.87,AN:449,405,352,-258,-23,-131,-593,173,98
!ANG:176.89,66.76,141.19,AN:440,404,347,-258,37,-155,-593,173,98
!ANG:176.21,64.04,140.17,AN:472,382,348,-241,38,-181,-593,173,98
!ANG:175.40,60.90,139.33,AN:474,378,361,-249,1,-131,-593,173,98
!ANG:176.14,60.13,140.10,AN:433,382,372,-249,-8,-104,-606,156,23
!ANG:176.77,60.10,140.96,AN:416,377,380,-224,-7,-163,-606,156,23
!ANG:177.20,58.80,141.67,AN:419,374,385,-218,15,-172,-606,156,23
!ANG:176.31,57.37,141.05,AN:428,356,385,-230,-7,-151,-606,156,23
!ANG:175.92,56.56,141.02,AN:417,355,394,-246,-26,-140,-606,156,23
!ANG:176.33,56.59,141.84,AN:399,365,402,-238,-18,-157,-606,156,23
!ANG:176.71,56.47,142.82,AN:388,373,404,-230,-17,-160,-604,162,-1
!ANG:177.45,56.36,144.01,AN:381,380,394,-221,-17,-185,-604,162,-1
!ANG:178.55,55.49,145.37,AN:390,386,385,-219,-5,-176,-604,162,-1
!ANG:178.92,55.14,145.96,AN:379,382,382,-225,2,-162,-604,162,-1
!ANG:179.05,55.16,146.29,AN:375,379,378,-225,-1,-169,-604,162,-1
!ANG:179.17,55.19,146.57,AN:368,377,379,-225,-7,-159,-604,162,-1
!ANG:179.34,55.70,146.98,AN:354,375,384,-231,-5,-152,-602,149,3
!ANG:179.56,56.85,147.64,AN:335,381,388,-253,-30,-130,-602,149,3
!ANG:-178.80,59.05,149.74,AN:302,398,395,-262,-26,-121,-602,149,3
!ANG:-176.73,61.86,152.36,AN:268,411,396,-269,-18,-116,-602,149,3
!ANG:-174.21,65.36,155.33,AN:236,413,388,-256,-4,-131,-602,149,3
!ANG:-172.12,68.29,157.72,AN:221,409,379,-254,1,-146,-602,149,3
!ANG:-170.67,70.32,159.55,AN:234,405,385,-265,-20,-134,-617,108,141
!ANG:-165.10,72.54,165.47,AN:251,421,377,-273,-52,-77,-617,108,141
!ANG:-155.99,74.52,174.37,AN:272,425,361,-299,-5,-85,-617,108,141
!ANG:-147.98,76.98,-178.13,AN:237,428,336,-314,-34,-97,-617,108,141
!ANG:-132.61,79.64,-163.77,AN:177,402,316,-286,8,-85,-617,108,141
!ANG:-114.55,82.08,-146.58,AN:184,399,324,-264,-48,-79,-617,108,141
!ANG:-90.18,81.72,-122.80,AN:176,413,339,-301,-30,-13,-550,67,320
!ANG:-58.47,79.86,-91.48,AN:177,400,351,-293,-36,-45,-550,67,320
!ANG:-48.99,78.32,-82.62,AN:228,389,344,-262,-57,-20,-550,67,320
!ANG:-42.66,75.77,-76.71,AN:225,398,357,-264,-58,48,-550,67,320
!ANG:-35.43,71.81,-69.68,AN:189,402,372,-242,-45,25,-550,67,320
!ANG:-30.76,68.11,-65.06,AN:178,397,383,-242,-47,25,-550,67,320
!ANG:-28.18,65.25,-62.67,AN:211,391,380,-248,-53,33,-389,51,494
!ANG:-26.58,62.67,-60.53,AN:254,382,384,-227,-58,88,-389,51,494
!ANG:-24.65,59.31,-57.90,AN:222,376,398,-227,-65,152,-389,51,494
!ANG:-22.71,53.39,-54.67,AN:178,387,423,-207,-76,108,-389,51,494
!ANG:-22.20,48.89,-53.22,AN:164,396,404,-200,-70,64,-389,51,494
!ANG:-21.61,45.92,-52.46,AN:219,394,367,-221,-67,47,-389,51,494
!ANG:-21.50,45.21,-52.39,AN:308,380,362,-159,-63,83,-189,27,579
!ANG:-20.80,42.49,-51.10,AN:265,373,378,-177,-82,244,-189,27,579
!ANG:-19.60,38.81,-49.49,AN:234,368,377,-139,-82,166,-189,27,579
!ANG:-18.71,34.46,-48.14,AN:237,365,366,-128,-81,136,-189,27,579
!ANG:-17.85,31.40,-47.21,AN:240,367,346,-179,-69,118,-189,27,579
!ANG:-17.11,29.99,-46.67,AN:287,371,343,-138,-78,122,-189,27,579
!ANG:-16.73,28.92,-46.66,AN:332,379,343,-128,-62,180,-27,46,593
!ANG:-15.69,26.60,-46.15,AN:325,375,348,-115,-64,202,-27,46,593
!ANG:-14.77,23.80,-45.52,AN:306,370,352,-107,-66,216,-27,46,593
!ANG:-13.98,20.89,-44.74,AN:287,362,356,-104,-56,190,-27,46,593
!ANG:-13.33,18.63,-43.94,AN:291,355,361,-108,-65,199,-27,46,593
!ANG:-12.98,16.40,-43.18,AN:290,354,366,-108,-61,193,-27,46,593
!ANG:-12.82,14.60,-42.53,AN:294,356,375,-101,-56,188,24,64,592
!ANG:-12.94,12.21,-41.99,AN:286,362,391,-107,-52,207,24,64,592
!ANG:-12.86,10.43,-41.61,AN:281,367,390,-87,-58,191,24,64,592
!ANG:-13.19,8.40,-41.39,AN:284,373,398,-71,-58,211,24,64,592
!ANG:-13.69,6.25,-41.20,AN:287,375,414,-61,-57,226,24,64,592
!ANG:-14.23,3.84,-40.95,AN:279,375,421,-50,-64,221,24,64,592
!ANG:-14.75,1.74,-40.71,AN:289,372,415,-29,-63,192,157,54,569
!ANG:-15.45,-0.72,-40.37,AN:297,370,414,-37,-62,220,157,54,569
!ANG:-15.79,-2.57,-40.09,AN:294,372,412,-29,-79,208,157,54,569
!ANG:-16.36,-4.21,-40.02,AN:313,379,402,-15,-82,198,157,54,569
!ANG:-16.78,-5.52,-40.08,AN:337,380,392,8,-85,183,157,54,569
!ANG:-16.88,-6.78,-40.22,AN:363,378,369,19,-89,186,157,54,569
!ANG:-16.84,-7.93,-40.38,AN:375,376,358,16,-85,225,261,23,536
!ANG:-16.48,-8.73,-40.41,AN:375,371,361,12,-74,243,261,23,536
!ANG:-15.98,-9.26,-40.31,AN:370,364,361,8,-73,245,261,23,536
!ANG:-15.69,-9.69,-40.20,AN:370,363,372,2,-65,228,261,23,536
!ANG:-15.33,-9.94,-40.12,AN:377,362,372,-4,-65,208,261,23,536
!ANG:-15.16,-10.04,-40.19,AN:384,369,378,-17,-64,215,261,23,536
!ANG:-15.11,-9.84,-40.31,AN:384,371,387,-4,-65,221,268,43,523
!ANG:-14.98,-9.89,-40.51,AN:385,370,383,9,-64,227,268,43,523
!ANG:-14.92,-10.19,-40.55,AN:381,364,386,9,-64,227,268,43,523
!ANG:-14.54,-10.42,-40.45,AN:382,356,368,19,-75,230,268,43,523
!ANG:-14.44,-10.53,-40.38,AN:394,356,371,9,-70,204,268,43,523
!ANG:-14.30,-10.47,-40.51,AN:405,365,368,-2,-79,199,268,43,523
!ANG:-14.45,-10.12,-40.73,AN:411,371,372,-17,-65,194,269,35,523
!ANG:-14.28,-9.17,-41.21,AN:425,378,373,-18,-70,219,269,35,523
!ANG:-14.11,-8.28,-41.69,AN:428,382,373,-4,-67,202,269,35,523
!ANG:-13.87,-7.67,-42.16,AN:435,379,367,-12,-64,207,269,35,523
!ANG:-13.44,-6.96,-42.52,AN:434,375,359,-19,-62,213,269,35,523
!ANG:-12.75,-6.10,-42.80,AN:433,371,348,-33,-44,234,269,35,523
!ANG:-12.11,-5.31,-42.96,AN:417,367,367,-43,-47,254,210,61,554
!ANG:-11.57,-4.68,-43.08,AN:398,361,370,-35,-61,221,210,61,554
!ANG:-11.46,-4.28,-43.20,AN:400,363,369,-42,-54,210,210,61,554
!ANG:-11.43,-3.91,-43.35,AN:393,366,379,-56,-55,224,210,61,554
!ANG:-11.22,-3.51,-43.49,AN:380,368,371,-40,-63,190,210,61,554
!ANG:-11.28,-3.40,-43.74,AN:389,374,369,-32,-55,195,210,61,554
!ANG:-11.06,-3.46,-43.97,AN:388,372,364,-30,-62,215,200,64,552
!ANG:-10.67,-3.60,-44.01,AN:385,369,351,-23,-62,200,200,64,552
!ANG:-10.15,-3.79,-44.02,AN:390,367,338,-30,-55,199,200,64,552
!ANG:-9.59,-3.78,-44.06,AN:392,368,340,-38,-42,205,200,64,552
!ANG:-8.85,-3.61,-44.05,AN:390,365,345,-41,-40,230,200,64,552
!ANG:-8.35,-3.54,-44.00,AN:381,364,359,-43,-44,236,200,64,552
!ANG:-8.12,-3.57,-43.96,AN:374,366,368,-33,-42,213,206,83,547
!ANG:-8.01,-3.82,-43.81,AN:375,364,372,-33,-41,207,206,83,547
!ANG:-7.89,-3.97,-43.71,AN:379,365,371,-31,-47,211,206,83,547
!ANG:-8.06,-4.11,-43.66,AN:381,368,379,-37,-38,221,206,83,547
!ANG:-7.93,-4.14,-43.62,AN:378,368,377,-30,-47,221,206,83,547
!ANG:-7.92,-4.20,-43.63,AN:385,370,372,-20,-45,205,206,83,547
!ANG:-7.88,-4.38,-43.65,AN:392,370,370,-29,-33,229,209,99,545
!ANG:-7.44,-4.44,-43.71,AN:384,368,367,-32,-36,240,209,99,545
!ANG:-7.12,-4.39,-43.75,AN:385,368,368,-24,-29,222,209,99,545
!ANG:-6.72,-4.47,-43.79,AN:389,367,367,-32,-30,228,209,99,545
!ANG:-6.34,-4.43,-43.88,AN:386,370,367,-37,-31,226,209,99,545
!ANG:-6.20,-4.22,-44.01,AN:390,373,376,-31,-23,216,209,99,545
!ANG:-5.79,-4.15,-44.09,AN:391,369,370,-33,-24,225,201,115,539
!ANG:-5.52,-4.05,-44.19,AN:389,369,375,-37,-25,230,201,115,539
!ANG:-5.42,-3.99,-44.26,AN:383,368,381,-39,-27,229,201,115,539
!ANG:-5.32,-3.80,-44.37,AN:389,371,378,-33,-34,206,201,115,539
!ANG:-5.43,-3.70,-44.51,AN:393,372,378,-41,-24,211,201,115,539
!ANG:-5.13,-3.52,-44.62,AN:388,371,369,-38,-35,233,201,115,539
!ANG:-4.92,-3.35,-44.69,AN:390,369,363,-26,-32,213,192,108,543
!ANG:-4.66,-3.54,-44.65,AN:389,367,360,-31,-34,222,192,108,543
!ANG:-4.47,-3.50,-44.66,AN:392,369,361,-37,-32,209,192,108,543
!ANG:-4.19,-3.29,-44.57,AN:395,364,355,-43,-19,204,192,108,543
!ANG:-3.65,-3.00,-44.58,AN:394,368,356,-50,-34,212,192,108,543
!ANG:-3.74,-2.66,-44.59,AN:389,370,369,-52,-20,213,192,108,543
!ANG:-3.54,-2.28,-44.62,AN:390,370,371,-47,-26,207,195,137,537
!ANG:-3.56,-2.17,-44.64,AN:384,369,374,-46,-21,225,195,137,537
!ANG:-3.52,-2.16,-44.60,AN:380,366,378,-35,-24,205,195,137,537
!ANG:-3.56,-2.27,-44.55,AN:387,365,377,-40,-33,217,195,137,537
!ANG:-3.77,-2.25,-44.51,AN:387,366,376,-43,-25,219,195,137,537
!ANG:-3.75,-2.21,-44.46,AN:385,365,375,-41,-27,226,195,137,537
!ANG:-3.75,-2.24,-44.41,AN:383,365,374,-33,-28,222,191,137,542
!ANG:-3.74,-2.45,-44.35,AN:384,365,372,-37,-23,225,191,137,542
!ANG:-3.67,-2.53,-44.33,AN:384,366,375,-37,-18,212,191,137,542
!ANG:-3.57,-2.55,-44.33,AN:388,367,378,-45,-19,222,191,137,542
!ANG:-3.50,-2.41,-44.36,AN:386,369,379,-48,-14,214,191,137,542
!ANG:-3.39,-2.26,-44.42,AN:384,370,382,-44,-19,217,191,137,542
!ANG:-3.33,-2.20,-44.49,AN:385,371,378,-38,-15,210,195,140,539
!ANG:-3.10,-2.30,-44.50,AN:385,369,374,-35,-19,227,195,140,539
!ANG:-2.93,-2.43,-44.48,AN:384,367,371,-31,-14,213,195,140,539
!ANG:-2.63,-2.60,-44.40,AN:388,364,369,-43,-13,229,195,140,539
!ANG:-2.33,-2.59,-44.31,AN:381,363,368,-50,-8,216,195,140,539
!ANG:-1.94,-2.44,-44.27,AN:380,366,369,-51,-12,214,195,140,539
!ANG:-1.74,-2.28,-44.30,AN:381,370,371,-47,-7,207,187,144,530
!ANG:-1.50,-2.15,-44.41,AN:385,373,375,-48,-9,222,187,144,530
!ANG:-1.32,-2.08,-44.48,AN:381,372,374,-39,-6,219,187,144,530
!ANG:-0.99,-2.17,-44.47,AN:384,368,369,-37,-9,219,187,144,530
!ANG:-0.70,-2.31,-44.46,AN:383,368,365,-42,-9,224,187,144,530
!ANG:-0.43,-2.36,-44.45,AN:381,368,365,-50,-4,222,187,144,530
!ANG:-0.14,-2.26,-44.46,AN:379,369,368,-50,-3,214,191,154,530
!ANG:0.11,-2.06,-44.52,AN:384,373,372,-46,-4,214,191,154,530
!ANG:0.24,-2.07,-44.58,AN:380,374,374,-45,-5,220,191,154,530
!ANG:0.34,-2.07,-44.59,AN:381,371,374,-46,1,215,191,154,530
!ANG:0.54,-2.11,-44.60,AN:378,371,375,-48,-4,212,191,154,530
!ANG:0.60,-2.15,-44.59,AN:376,370,376,-50,-2,207,191,154,530
!ANG:0.60,-2.14,-44.62,AN:376,372,381,-49,-8,201,192,171,526
!ANG:0.40,-2.15,-44.78,AN:377,377,384,-48,-8,196,192,171,526
!ANG:0.13,-2.15,-44.96,AN:379,380,390,-44,-4,186,192,171,526
!ANG:-0.06,-2.09,-45.21,AN:387,383,391,-38,-10,187,192,171,526
!ANG:-0.37,-2.08,-45.48,AN:390,385,393,-33,-9,192,192,171,526
!ANG:-0.68,-2.12,-45.74,AN:393,384,394,-40,-11,199,192,171,526
!ANG:-0.97,-1.66,-45.85,AN:413,377,393,-21,-11,154,194,158,527
!ANG:-1.50,-1.53,-46.07,AN:407,382,403,-63,-7,202,194,158,527
!ANG:-1.86,-1.01,-46.24,AN:393,381,405,-59,-12,214,194,158,527
!ANG:-2.24,-0.21,-46.41,AN:412,380,401,-34,-16,172,194,158,527
!ANG:-2.82,0.29,-46.68,AN:426,386,409,-41,-32,184,194,158,527
!ANG:-4.05,0.79,-47.19,AN:423,397,428,-52,-32,192,194,158,527
!ANG:-5.21,1.51,-47.76,AN:429,401,431,-50,-36,187,160,135,551
!ANG:-6.55,2.71,-48.46,AN:452,397,431,-62,-33,180,160,135,551
!ANG:-7.55,4.08,-49.01,AN:462,392,429,-75,-29,199,160,135,551
!ANG:-8.20,5.55,-49.31,AN:455,379,419,-86,-22,207,160,135,551
!ANG:-8.20,6.81,-49.16,AN:439,359,401,-84,-22,184,160,135,551
!ANG:-7.93,7.93,-48.73,AN:433,345,382,-88,-20,170,160,135,551
!ANG:-7.34,9.04,-48.16,AN:434,336,363,-101,-26,210,73,92,581
!ANG:-6.49,10.06,-47.36,AN:415,329,359,-97,-69,261,73,92,581
!ANG:-6.17,9.88,-46.82,AN:376,335,347,-83,-74,234,73,92,581
!ANG:-6.04,9.17,-46.54,AN:358,347,338,-76,-6,170,73,92,581
!ANG:-4.72,8.88,-45.89,AN:373,336,333,-88,39,163,73,92,581
!ANG:-3.03,9.34,-44.84,AN:401,315,345,-109,-53,275,73,92,581
!ANG:-2.90,9.29,-44.27,AN:376,332,361,-91,-147,337,80,108,588
!ANG:-2.65,8.15,-44.38,AN:328,384,365,-64,-115,295,80,108,588
!ANG:-2.68,6.53,-44.91,AN:311,403,351,-55,24,200,80,108,588
!ANG:-1.47,5.26,-44.77,AN:341,375,358,-66,92,143,80,108,588
!ANG:0.22,5.31,-44.00,AN:388,344,374,-84,57,142,80,108,588
!ANG:0.89,6.40,-43.11,AN:434,332,387,-113,22,217,80,108,588
!ANG:1.18,8.00,-42.15,AN:430,329,398,-117,-61,340,105,105,597
!ANG:0.35,7.71,-41.99,AN:369,377,419,-67,-95,322,105,105,597
!ANG:-0.38,7.32,-42.11,AN:366,390,408,-101,-29,241,105,105,597
!ANG:-1.01,7.54,-42.38,AN:383,397,390,-108,-39,214,105,105,597
!ANG:-2.02,8.23,-42.85,AN:393,405,392,-115,18,201,105,105,597
!ANG:-1.24,9.47,-42.58,AN:417,376,375,-122,15,206,105,105,597
!ANG:-0.76,10.86,-42.18,AN:419,370,387,-103,-91,254,108,92,600
!ANG:-2.07,10.97,-42.83,AN:393,408,379,-83,-105,247,108,92,600
!ANG:-3.79,10.50,-43.79,AN:380,425,390,-77,-45,209,108,92,600
!ANG:-4.77,9.91,-44.54,AN:380,425,394,-80,-33,200,108,92,600
!ANG:-4.79,9.66,-45.37,AN:390,431,361,-40,-53,168,108,92,600
!ANG:-5.22,9.82,-46.66,AN:438,452,362,-55,-57,120,108,92,600
!ANG:-5.45,11.31,-48.31,AN:479,466,357,-84,-22,144,79,78,611
!ANG:-4.94,13.33,-49.81,AN:493,446,334,-127,21,182,79,78,611
!ANG:-3.36,15.50,-50.08,AN:473,403,336,-130,16,212,79,78,611
!ANG:-2.26,16.70,-49.85,AN:438,382,358,-109,-42,266,79,78,611
!ANG:-2.88,16.27,-50.64,AN:385,419,380,-77,-117,295,79,78,611
!ANG:-3.35,15.21,-52.13,AN:349,459,355,-78,-88,273,79,78,611
!ANG:-3.65,13.95,-53.60,AN:355,454,337,-82,15,190,-34,103,617
!ANG:-1.56,13.73,-53.63,AN:398,385,308,-125,70,167,-34,103,617
!ANG:1.78,14.23,-52.19,AN:387,324,303,-145,53,238,-34,103,617
!ANG:4.45,13.89,-50.82,AN:351,311,290,-130,-23,264,-34,103,617
!ANG:6.30,13.34,-50.08,AN:356,326,266,-105,-61,224,-34,103,617
!ANG:6.81,12.94,-49.91,AN:371,341,268,-107,-27,201,-34,103,617
!ANG:7.64,13.00,-49.67,AN:387,347,283,-97,32,175,-11,205,576
!ANG:9.65,13.50,-48.74,AN:418,333,299,-113,42,223,-11,205,576
!ANG:11.20,13.88,-47.79,AN:413,328,315,-128,25,226,-11,205,576
!ANG:11.92,14.21,-47.22,AN:397,336,328,-119,20,204,-11,205,576
!ANG:11.96,14.36,-47.12,AN:385,356,351,-112,20,188,-11,205,576
!ANG:11.42,14.47,-47.33,AN:385,374,385,-85,22,186,-11,205,576
!ANG:10.35,14.05,-47.82,AN:381,389,413,-82,22,189,-8,255,559
!ANG:8.97,12.99,-48.55,AN:351,400,426,-89,21,194,-8,255,559
!ANG:7.43,11.41,-49.50,AN:312,410,439,-60,11,210,-8,255,559
!ANG:6.37,9.22,-50.41,AN:307,412,410,-102,71,182,-8,255,559
!ANG:6.60,9.89,-50.54,AN:401,394,422,-96,43,226,-8,255,559
!ANG:5.29,9.97,-50.82,AN:387,395,466,-41,10,182,-8,255,559
!ANG:3.06,8.94,-51.45,AN:369,410,490,-126,12,205,4,197,590
!ANG:2.91,10.05,-51.68,AN:391,379,391,-131,-5,259,4,197,590
!ANG:2.62,10.38,-51.74,AN:383,369,385,-106,1,222,4,197,590
!ANG:2.17,10.47,-51.88,AN:380,374,396,-76,-7,192,4,197,590
!ANG:1.81,10.16,-52.03,AN:384,374,388,-94,-6,200,4,197,590
!ANG:1.58,10.21,-52.11,AN:386,371,382,-101,-6,219,4,197,590
!ANG:1.41,10.29,-52.16,AN:384,369,380,-92,-4,207,0,184,594
!ANG:1.22,10.19,-52.38,AN:383,371,383,-91,-2,202,0,184,594
!ANG:1.02,10.11,-52.59,AN:383,373,388,-95,-4,211,0,184,594
!ANG:0.86,10.08,-52.77,AN:383,371,384,-98,-8,210,0,184,594
!ANG:0.71,10.15,-52.93,AN:384,370,380,-94,-7,207,0,184,594
!ANG:0.59,10.14,-53.07,AN:384,369,380,-91,-6,204,0,184,594
!ANG:0.48,10.07,-53.23,AN:384,371,382,-93,-7,206,3,182,590
!ANG:0.33,10.06,-53.45,AN:385,371,382,-95,-7,207,3,182,590
!ANG:0.28,10.08,-53.59,AN:384,369,379,-94,-7,209,3,182,590
!ANG:0.27,10.06,-53.71,AN:384,368,377,-93,-8,208,3,182,590
!ANG:0.17,10.04,-53.86,AN:385,370,380,-93,-8,208,3,182,590
!ANG:0.09,10.01,-54.00,AN:384,369,380,-94,-5,208,3,182,590
!ANG:0.08,10.00,-54.14,AN:384,370,380,-92,-8,206,4,177,588
!ANG:-0.03,9.98,-54.30,AN:385,370,381,-93,-7,208,4,177,588
!ANG:-0.07,9.95,-54.42,AN:384,369,380,-93,-6,208,4,177,588
!ANG:-0.08,9.93,-54.54,AN:384,369,380,-92,-7,205,4,177,588
!ANG:-0.12,9.92,-54.67,AN:385,370,380,-93,-7,209,4,177,588
!ANG:-0.13,9.91,-54.81,AN:385,370,379,-94,-8,209,4,177,588
!ANG:-0.17,9.91,-54.92,AN:384,369,379,-94,-8,208,4,178,597
!ANG:-0.22,9.91,-55.05,AN:384,369,380,-93,-9,208,4,178,597
!ANG:-0.29,9.91,-55.18,AN:385,370,380,-94,-6,207,4,178,597
!ANG:-0.27,9.92,-55.31,AN:384,370,379,-93,-7,206,4,178,597
!ANG:-0.27,9.91,-55.41,AN:384,369,379,-93,-7,207,4,178,597
!ANG:-0.29,9.91,-55.53,AN:385,370,380,-93,-7,208,4,178,597
!ANG:-0.31,9.89,-55.65,AN:384,370,380,-92,-7,208,4,179,596
!ANG:-0.32,9.85,-55.76,AN:384,369,380,-94,-7,205,4,179,596
!ANG:-0.34,9.88,-55.88,AN:385,370,380,-95,-6,207,4,179,596
!ANG:-0.31,9.92,-55.98,AN:384,369,379,-94,-7,207,4,179,596
!ANG:-0.30,9.92,-56.07,AN:384,369,379,-94,-7,206,4,179,596
!ANG:-0.30,9.93,-56.19,AN:384,370,379,-93,-8,208,4,179,596
!ANG:-0.32,9.91,-56.28,AN:384,369,379,-92,-6,207,-1,179,594
!ANG:-0.29,9.87,-56.41,AN:384,369,379,-93,-7,207,-1,179,594
!ANG:-0.30,9.86,-56.52,AN:384,369,380,-93,-7,208,-1,179,594
!ANG:-0.34,9.86,-56.66,AN:385,370,381,-94,-7,208,-1,179,594
!ANG:-0.35,9.87,-56.78,AN:384,370,380,-94,-7,208,-1,179,594
!ANG:-0.35,9.87,-56.91,AN:384,370,379,-93,-8,209,-1,179,594
!ANG:-0.36,9.87,-57.04,AN:385,370,379,-92,-8,208,0,180,592
!ANG:-0.36,9.83,-57.15,AN:384,369,378,-93,-8,206,0,180,592
!ANG:-0.37,9.83,-57.26,AN:384,369,379,-91,-7,206,0,180,592
!ANG:-0.38,9.80,-57.37,AN:385,370,380,-91,-7,207,0,180,592
!ANG:-0.39,9.75,-57.49,AN:384,370,380,-92,-7,208,0,180,592
!ANG:-0.40,9.72,-57.60,AN:384,370,380,-93,-8,207,0,180,592
!ANG:-0.45,9.74,-57.72,AN:385,370,381,-93,-9,207,7,182,596
!ANG:-0.48,9.76,-57.79,AN:385,369,379,-93,-8,209,7,182,596
!ANG:-0.48,9.75,-57.85,AN:384,369,379,-93,-9,208,7,182,596
!ANG:-0.50,9.75,-57.92,AN:384,369,379,-94,-8,208,7,182,596
!ANG:-0.53,9.77,-58.00,AN:384,370,380,-94,-8,207,7,182,596
!ANG:-0.52,9.79,-58.05,AN:384,369,379,-93,-7,206,7,182,596
!ANG:-0.50,9.79,-58.10,AN:384,369,379,-94,-6,208,-5,175,597
!ANG:-0.47,9.82,-58.22,AN:385,370,380,-93,-7,207,-5,175,597
!ANG:-0.47,9.81,-58.32,AN:384,369,380,-94,-8,208,-5,175,597
!ANG:-0.49,9.83,-58.43,AN:384,370,380,-95,-9,208,-5,175,597
!ANG:-0.54,9.88,-58.55,AN:385,370,380,-93,-9,207,-5,175,597
!ANG:-0.56,9.87,-58.64,AN:384,369,379,-93,-9,206,-5,175,597
!ANG:-0.55,9.86,-58.73,AN:384,369,378,-94,-8,208,4,175,592
!ANG:-0.55,9.89,-58.77,AN:385,369,379,-94,-8,208,4,175,592
!ANG:-0.54,9.89,-58.80,AN:384,369,379,-94,-6,207,4,175,592
!ANG:-0.49,9.90,-58.82,AN:384,369,379,-94,-9,208,4,175,592
!ANG:-0.52,9.90,-58.86,AN:384,369,379,-93,-8,206,4,175,592
!ANG:-0.54,9.91,-58.91,AN:385,370,380,-92,-7,207,4,175,592
!ANG:-0.53,9.87,-58.93,AN:384,369,380,-94,-8,208,-3,177,605
!ANG:-0.52,9.90,-59.00,AN:385,369,379,-94,-7,206,-3,177,605
!ANG:-0.52,9.93,-59.07,AN:385,370,380,-93,-8,208,-3,177,605
!ANG:-0.54,9.93,-59.13,AN:385,369,380,-93,-8,206,-3,177,605
!ANG:-0.53,9.91,-59.18,AN:384,369,379,-93,-8,208,-3,177,605
!ANG:-0.53,9.91,-59.25,AN:385,370,379,-95,-9,209,-3,177,605
!ANG:-0.55,9.93,-59.31,AN:384,369,379,-95,-8,212,2,173,590
!ANG:-0.57,9.94,-59.35,AN:384,370,380,-93,-7,208,2,173,590
!ANG:-0.56,9.94,-59.39,AN:385,370,380,-92,-6,207,2,173,590
!ANG:-0.51,9.90,-59.42,AN:384,370,379,-93,-7,208,2,173,590
!ANG:-0.53,9.88,-59.46,AN:384,370,381,-94,-7,209,2,173,590
!ANG:-0.52,9.88,-59.49,AN:384,370,380,-94,-9,208,2,173,590
!ANG:-0.54,9.88,-59.51,AN:384,369,379,-94,-9,207,5,181,592
!ANG:-0.54,9.89,-59.54,AN:384,369,378,-93,-9,207,5,181,592
!ANG:-0.54,9.88,-59.58,AN:384,369,378,-96,-7,209,5,181,592
!ANG:-0.51,9.94,-59.60,AN:385,369,379,-96,-7,206,5,181,592
!ANG:-0.51,9.99,-59.64,AN:384,370,380,-93,-8,206,5,181,592
!ANG:-0.53,9.98,-59.66,AN:384,369,380,-93,-9,209,5,181,592
!ANG:-0.57,9.96,-59.71,AN:385,370,380,-93,-9,209,-3,176,595
!ANG:-0.61,9.93,-59.78,AN:384,370,380,-93,-9,207,-3,176,595
!ANG:-0.66,9.91,-59.84,AN:384,370,381,-94,-9,208,-3,176,595
!ANG:-0.67,9.93,-59.90,AN:385,370,379,-95,-9,206,-3,176,595
!ANG:-0.66,9.96,-59.94,AN:384,369,378,-94,-9,208,-3,176,595
!ANG:-0.65,9.98,-59.98,AN:385,369,378,-93,-10,208,-3,176,595
!ANG:-0.68,9.97,-60.02,AN:385,369,379,-94,-8,208,2,178,598
!ANG:-0.66,9.97,-60.03,AN:384,369,379,-95,-8,207,2,178,598
!ANG:-0.64,9.99,-60.05,AN:384,369,379,-93,-8,206,2,178,598
!ANG:-0.65,9.97,-60.06,AN:384,369,380,-94,-8,207,2,178,598
!ANG:-0.65,9.99,-60.09,AN:385,370,380,-93,-9,207,2,178,598
!ANG:-0.66,9.96,-60.10,AN:384,369,379,-92,-9,206,2,178,598
!ANG:-0.67,9.93,-60.12,AN:384,369,379,-93,-9,209,1,177,600
!ANG:-0.67,9.90,-60.13,AN:384,369,379,-92,-9,208,1,177,600
!ANG:-0.68,9.86,-60.15,AN:384,369,379,-93,-7,207,1,177,600
!ANG:-0.64,9.85,-60.16,AN:384,369,379,-93,-8,206,1,177,600
!ANG:-0.65,9.86,-60.19,AN:385,370,380,-93,-6,209,1,177,600
!ANG:-0.58,9.84,-60.19,AN:384,369,379,-95,-8,207,1,177,600
!ANG:-0.57,9.87,-60.20,AN:384,369,379,-94,-8,208,1,173,599
!ANG:-0.61,9.90,-60.22,AN:385,370,381,-93,-8,207,1,173,599
!ANG:-0.62,9.89,-60.25,AN:384,370,380,-93,-7,207,1,173,599
!ANG:-0.58,9.89,-60.24,AN:385,369,379,-91,-11,208,1,173,599
!ANG:-0.66,9.83,-60.28,AN:384,370,380,-94,-8,210,1,173,599
!ANG:-0.67,9.83,-60.29,AN:384,370,380,-95,-8,208,1,173,599
!ANG:-0.65,9.86,-60.29,AN:384,369,379,-93,-8,206,-1,173,600
!ANG:-0.61,9.85,-60.31,AN:384,369,378,-93,-8,206,-1,173,600
!ANG:-0.60,9.87,-60.32,AN:385,369,379,-93,-7,207,-1,173,600
!ANG:-0.57,9.85,-60.33,AN:384,369,379,-94,-7,210,-1,173,600
!ANG:-0.54,9.85,-60.34,AN:384,369,379,-92,-8,209,-1,173,600
!ANG:-0.55,9.83,-60.38,AN:385,370,380,-92,-6,207,-1,173,600
!ANG:-0.49,9.80,-60.39,AN:384,369,378,-93,-6,208,0,172,590
!ANG:-0.43,9.79,-60.39,AN:384,369,379,-92,-8,208,0,172,590
!ANG:-0.46,9.78,-60.42,AN:385,370,380,-93,-8,210,0,172,590
!ANG:-0.48,9.76,-60.43,AN:384,369,380,-95,-8,208,0,172,590
!ANG:-0.50,9.80,-60.46,AN:384,370,380,-93,-9,206,0,172,590
!ANG:-0.55,9.82,-60.49,AN:385,370,380,-93,-8,209,0,172,590
!ANG:-0.56,9.80,-60.52,AN:384,370,380,-95,-8,208,3,175,589
!ANG:-0.56,9.84,-60.52,AN:384,369,379,-93,-8,207,3,175,589
!ANG:-0.55,9.85,-60.52,AN:385,369,379,-92,-7,209,3,175,589
!ANG:-0.52,9.83,-60.51,AN:385,369,379,-94,-8,208,3,175,589
!ANG:-0.54,9.84,-60.53,AN:384,370,380,-96,-9,207,3,175,589
!ANG:-0.55,9.89,-60.54,AN:384,369,379,-94,-10,206,3,175,589
!ANG:-0.60,9.92,-60.57,AN:385,370,379,-94,-8,207,0,173,597
!ANG:-0.59,9.93,-60.56,AN:384,369,379,-93,-7,209,0,173,597
!ANG:-0.59,9.90,-60.58,AN:384,370,381,-92,-8,208,0,173,597
!ANG:-0.61,9.88,-60.59,AN:385,370,380,-92,-7,207,0,173,597
!ANG:-0.53,9.86,-60.57,AN:385,368,377,-94,-7,209,0,173,597
!ANG:-0.46,9.86,-60.54,AN:384,368,377,-92,-8,208,0,173,597
!ANG:-0.49,9.84,-60.56,AN:385,370,380,-95,-8,206,-6,181,591
!ANG:-0.49,9.89,-60.63,AN:384,369,379,-96,-6,209,-6,181,591
!ANG:-0.48,9.93,-60.71,AN:384,370,381,-93,-11,208,-6,181,591
!ANG:-0.57,9.91,-60.80,AN:384,370,380,-94,-12,211,-6,181,591
!ANG:-0.68,9.90,-60.87,AN:384,369,380,-93,-7,210,-6,181,591
!ANG:-0.65,9.87,-60.92,AN:384,369,380,-89,-8,203,-6,181,591
!ANG:-0.68,9.81,-60.99,AN:385,370,381,-89,-8,203,2,174,596
!ANG:-0.64,9.76,-60.98,AN:386,369,378,-93,-8,208,2,174,596
!ANG:-0.61,9.76,-60.96,AN:384,369,378,-95,-8,209,2,174,596
!ANG:-0.62,9.81,-60.96,AN:385,370,380,-92,-9,206,2,174,596
!ANG:-0.67,9.80,-60.97,AN:385,370,381,-94,-10,208,2,174,596
!ANG:-0.72,9.82,-60.97,AN:384,369,380,-96,-11,207,2,174,596
!ANG:-0.79,9.88,-60.98,AN:384,370,380,-94,-11,208,3,176,591
!ANG:-0.87,9.90,-61.01,AN:385,370,381,-95,-9,208,3,176,591
!ANG:-0.86,9.93,-61.00,AN:384,369,379,-94,-8,207,3,176,591
!ANG:-0.78,9.93,-60.97,AN:384,368,377,-90,-9,208,3,176,591
!ANG:-0.76,9.86,-60.97,AN:385,369,378,-92,-8,209,3,176,591
!ANG:-0.73,9.84,-60.97,AN:385,369,379,-93,-8,208,3,176,591
!ANG:-0.69,9.82,-60.96,AN:384,369,378,-94,-8,205,1,177,597
!ANG:-0.63,9.87,-60.94,AN:385,368,377,-95,-8,209,1,177,597
!ANG:-0.63,9.91,-60.97,AN:385,370,380,-94,-7,211,1,177,597
!ANG:-0.68,9.90,-61.01,AN:384,371,383,-94,-9,210,1,177,597
!ANG:-0.74,9.89,-61.03,AN:384,370,382,-93,-10,205,1,177,597
!ANG:-0.76,9.91,-61.04,AN:385,369,379,-91,-9,203,1,177,597
!ANG:-0.72,9.86,-61.03,AN:384,368,377,-94,-8,206,-1,174,599
!ANG:-0.69,9.88,-61.03,AN:384,369,379,-95,-7,209,-1,174,599
!ANG:-0.67,9.90,-61.04,AN:384,370,380,-92,-9,206,-1,174,599
!ANG:-0.68,9.87,-61.04,AN:384,369,379,-91,-9,204,-1,174,599
!ANG:-0.66,9.84,-61.05,AN:385,369,378,-92,-9,206,-1,174,599
!ANG:-0.71,9.83,-61.09,AN:385,371,381,-92,-7,208,-1,174,599
!ANG:-0.71,9.80,-61.10,AN:384,370,381,-92,-8,210,5,171,604
!ANG:-0.68,9.75,-61.05,AN:384,369,379,-94,-9,205,5,171,604
!ANG:-0.67,9.80,-61.00,AN:385,369,378,-94,-11,210,5,171,604
!ANG:-0.68,9.82,-60.97,AN:385,369,377,-98,-10,211,5,171,604
!ANG:-0.71,9.91,-60.93,AN:384,369,379,-94,-9,206,5,171,604
!ANG:-0.75,9.90,-60.89,AN:383,369,381,-90,-11,202,5,171,604
!ANG:-0.77,9.86,-60.85,AN:385,369,378,-91,-9,207,-3,172,599
!ANG:-0.73,9.80,-60.87,AN:384,369,377,-92,-5,209,-3,172,599
!ANG:-0.67,9.78,-60.88,AN:385,370,381,-92,-4,209,-3,172,599
!ANG:-0.66,9.76,-60.91,AN:385,371,384,-92,-9,204,-3,172,599
!ANG:-0.69,9.75,-60.92,AN:384,369,380,-92,-10,204,-3,172,599
!ANG:-0.68,9.76,-60.94,AN:385,369,377,-94,-10,206,-3,172,599
!ANG:-0.68,9.80,-60.95,AN:385,369,378,-97,-10,212,-2,173,598
!ANG:-0.74,9.87,-60.97,AN:384,369,380,-94,-10,209,-2,173,598
!ANG:-0.78,9.87,-61.00,AN:384,370,380,-92,-9,204,-2,173,598
!ANG:-0.78,9.87,-61.04,AN:385,370,379,-91,-7,205,-2,173,598
!ANG:-0.71,9.84,-61.06,AN:385,370,378,-92,-6,210,-2,173,598
!ANG:-0.68,9.79,-61.08,AN:384,370,381,-92,-9,210,-2,173,598
!ANG:-0.71,9.75,-61.11,AN:384,370,380,-95,-11,209,3,179,599
!ANG:-0.74,9.81,-61.11,AN:385,369,378,-95,-10,207,3,179,599
!ANG:-0.72,9.85,-61.09,AN:384,368,377,-95,-10,209,3,179,599
!ANG:-0.75,9.88,-61.10,AN:384,369,379,-95,-11,209,3,179,599
!ANG:-0.85,9.92,-61.14,AN:385,371,382,-96,-10,208,3,179,599
!ANG:-0.88,9.96,-61.16,AN:384,370,380,-92,-10,207,3,179,599
!ANG:-0.87,9.92,-61.14,AN:384,368,378,-93,-7,206,-2,175,604
!ANG:-0.78,9.91,-61.13,AN:384,369,378,-91,-7,208,-2,175,604
!ANG:-0.75,9.84,-61.14,AN:384,370,380,-91,-8,207,-2,175,604
!ANG:-0.77,9.79,-61.16,AN:384,370,381,-93,-9,207,-2,175,604
!ANG:-0.77,9.80,-61.19,AN:385,370,379,-94,-9,206,-2,175,604
!ANG:-0.76,9.82,-61.19,AN:384,369,379,-93,-10,209,-2,175,604
!ANG:-0.80,9.80,-61.20,AN:384,369,380,-96,-9,208,2,172,594
!ANG:-0.79,9.87,-61.18,AN:384,369,379,-95,-9,208,2,172,594
!ANG:-0.77,9.91,-61.16,AN:385,369,378,-92,-8,204,2,172,594
!ANG:-0.74,9.88,-61.14,AN:384,369,379,-92,-9,208,2,172,594
!ANG:-0.76,9.85,-61.13,AN:384,369,380,-93,-9,209,2,172,594
!ANG:-0.80,9.84,-61.13,AN:385,370,381,-91,-6,211,2,172,594
!ANG:-0.74,9.77,-61.10,AN:384,369,380,-92,-9,206,1,173,591
!ANG:-0.71,9.75,-61.10,AN:384,369,378,-93,-9,207,1,173,591
!ANG:-0.70,9.77,-61.10,AN:385,369,378,-95,-8,211,1,173,591
!ANG:-0.67,9.79,-61.09,AN:384,369,379,-97,-8,211,1,173,591
!ANG:-0.65,9.86,-61.09,AN:384,369,379,-95,-10,209,1,173,591
!ANG:-0.71,9.89,-61.11,AN:384,370,380,-93,-10,204,1,173,591
!ANG:-0.73,9.88,-61.11,AN:384,369,379,-91,-9,208,5,176,590
!ANG:-0.73,9.81,-61.09,AN:384,369,379,-92,-8,210,5,176,590
!ANG:-0.77,9.77,-61.11,AN:384,371,382,-91,-6,208,5,176,590
!ANG:-0.71,9.74,-61.09,AN:385,370,380,-88,-8,205,5,176,590
!ANG:-0.65,9.66,-61.05,AN:385,368,377,-89,-9,206,5,176,590
!ANG:-0.62,9.60,-61.02,AN:385,368,377,-92,-8,205,5,176,590
!ANG:-0.61,9.62,-61.00,AN:385,369,379,-96,-8,209,0,176,598
!ANG:-0.61,9.69,-61.01,AN:384,369,380,-96,-10,208,0,176,598
!ANG:-0.65,9.76,-61.04,AN:384,369,379,-95,-11,208,0,176,598
!ANG:-0.70,9.82,-61.08,AN:385,370,379,-95,-10,210,0,176,598
!ANG:-0.79,9.82,-61.12,AN:383,370,382,-93,-7,207,0,176,598
!ANG:-0.78,9.81,-61.15,AN:384,370,381,-89,-8,207,0,176,598
!ANG:-0.77,9.74,-61.18,AN:385,370,380,-89,-8,207,-5,172,590
!ANG:-0.74,9.66,-61.20,AN:385,369,379,-89,-8,207,-5,172,590
!ANG:-0.72,9.60,-61.23,AN:385,369,379,-92,-10,209,-5,172,590
!ANG:-0.72,9.60,-61.26,AN:385,369,378,-95,-11,207,-5,172,590
!ANG:-0.71,9.68,-61.28,AN:385,368,376,-98,-9,207,-5,172,590
!ANG:-0.67,9.81,-61.29,AN:385,368,377,-96,-10,209,-5,172,590
!ANG:-0.74,9.86,-61.32,AN:384,369,381,-96,-10,211,-3,178,588
!ANG:-0.85,9.90,-61.40,AN:384,371,383,-93,-8,208,-3,178,588
!ANG:-0.85,9.88,-61.45,AN:384,370,381,-91,-7,205,-3,178,588
!ANG:-0.80,9.83,-61.46,AN:384,369,379,-90,-7,206,-3,178,588
!ANG:-0.75,9.78,-61.51,AN:385,370,379,-90,-9,213,-3,178,588
!ANG:-0.76,9.68,-61.53,AN:384,369,380,-91,-11,211,-3,178,588
!ANG:-0.80,9.63,-61.57,AN:384,369,379,-92,-10,206,0,166,592
!ANG:-0.80,9.64,-61.54,AN:385,369,378,-92,-11,204,0,166,592
!ANG:-0.80,9.65,-61.53,AN:385,369,377,-97,-9,209,0,166,592
!ANG:-0.81,9.74,-61.50,AN:384,369,380,-98,-9,211,0,166,592
!ANG:-0.86,9.84,-61.50,AN:384,370,382,-92,-8,203,0,166,592
!ANG:-0.85,9.82,-61.47,AN:384,369,380,-90,-8,204,0,166,592
!ANG:-0.77,9.76,-61.43,AN:384,368,377,-92,-7,207,0,173,603
!ANG:-0.74,9.75,-61.42,AN:385,370,380,-90,-7,209,0,173,603
!ANG:-0.73,9.69,-61.42,AN:385,370,381,-92,-9,207,0,173,603
!ANG:-0.73,9.68,-61.41,AN:384,369,379,-92,-9,205,0,173,603
!ANG:-0.67,9.69,-61.38,AN:385,368,376,-96,-9,207,0,173,603
!ANG:-0.62,9.77,-61.35,AN:385,368,376,-95,-10,210,0,173,603
!ANG:-0.63,9.80,-61.35,AN:384,369,378,-96,-9,212,2,173,601
!ANG:-0.68,9.85,-61.34,AN:384,370,381,-94,-8,210,2,173,601
!ANG:-0.70,9.85,-61.33,AN:384,370,381,-91,-10,206,2,173,601
!ANG:-0.73,9.80,-61.31,AN:384,369,379,-90,-7,205,2,173,601
!ANG:-0.70,9.73,-61.30,AN:384,370,380,-92,-7,208,2,173,601
!ANG:-0.70,9.72,-61.30,AN:385,371,381,-90,-10,210,2,173,601
!ANG:-0.73,9.64,-61.28,AN:384,369,379,-92,-11,207,3,172,591
!ANG:-0.78,9.65,-61.27,AN:385,369,379,-94,-11,208,3,172,591
!ANG:-0.82,9.69,-61.26,AN:385,369,379,-94,-9,207,3,172,591
!ANG:-0.81,9.74,-61.26,AN:385,370,379,-96,-10,209,3,172,591
!ANG:-0.78,9.79,-61.23,AN:384,368,377,-96,-9,213,3,172,591
!ANG:-0.80,9.83,-61.21,AN:384,369,380,-92,-9,207,3,172,591
!ANG:-0.81,9.82,-61.21,AN:385,370,380,-90,-7,204,2,174,599
!ANG:-0.75,9.77,-61.19,AN:385,369,379,-93,-8,209,2,174,599
!ANG:-0.74,9.76,-61.17,AN:384,369,380,-92,-10,207,2,174,599
!ANG:-0.83,9.75,-61.18,AN:385,370,382,-94,-10,207,2,174,599
!ANG:-0.82,9.77,-61.17,AN:384,369,378,-94,-9,208,2,174,599
!ANG:-0.79,9.79,-61.16,AN:384,369,378,-95,-10,206,2,174,599
Connected.
Connected.

Disconnected.
